663
958
466
371
373
632
964
181
930
250
563
343
601
377
685
437
241
384
892
711
999
334
815
439
24
606
787
450
122
489
197
100
819
69
626
902
564
773
911
262
310
770
966
211
629
900
675
121
330
501
366
354
817
753
237
223
284
854
765
19
142
31
239
733
188
985
833
288
196
355
260
52
273
26
975
939
997
855
731
953
739
21
586
718
6
274
523
2
957
898
542
539
725
994
58
555
828
71
311
579
313
398
580
422
929
638
738
252
986
520
822
401
764
242
636
231
447
206
611
726
256
565
593
217
387
126
297
616
193
852
648
622
178
321
41
180
328
931
735
510
678
926
124
342
337
361
499
407
754
365
266
402
995
806
471
797
119
687
500
50
575
962
880
921
895
389
578
225
226
453
775
283
410
878
719
741
115
548
279
609
577
973
133
224
108
312
949
552
179
140
160
246
455
824
772
617
742
751
258
14
631
967
154
526
955
624
871
976
431
769
240
498
556
44
504
65
380
15
51
736
506
87
759
495
335
513
147
599
866
569
134
379
18
157
11
592
468
583
571
388
812
251
809
951
114
271
72
667
781
656
615
924
418
857
298
95
210
896
314
936
137
862
987
990
603
827
870
339
604
701
560
723
507
570
722
34
7
53
213
368
497
8
247
467
281
152
813
169
462
780
825
477
215
25
12
127
927
791
10
459
164
329
92
261
873
980
965
598
364
785
676
757
138
265
503
529
307
946
925
865
316
536
480
720
305
286
680
49
301
408
386
643
848
55
429
392
559
149
584
413
400
651
98
528
29
434
683
535
981
707
788
771
84
294
27
863
605
688
47
299
141
847
106
979
867
916
416
438
264
692
709
508
814
5
639
700
755
463
73
1
940
587
934
427
441
905
743
159
625
285
715
944
740
509
182
150
1000
235
835
435
922
954
573
76
717
912
357
205
818
597
168
406
762
469
991
381
56
947
551
23
881
658
665
128
86
40
445
116
194
524
208
36
763
117
544
714
868
561
201
293
175
630
849
372
545
952
614
430
777
492
268
419
367
135
94
730
910
61
774
660
131
996
826
869
166
369
449
57
978
710
918
396
309
984
646
518
974
233
253
859
671
170
875
884
101
845
846
370
54
893
682
574
460
746
39
657
637
727
303
519
961
66
530
433
229
844
745
315
244
75
318
156
698
440
292
74
81
232
145
474
132
161
391
766
677
684
568
734
63
672
105
647
308
595
120
515
390
837
983
91
888
187
673
761
220
96
461
97
198
493
238
345
889
139
93
851
411
470
383
415
748
804
758
836
796
505
721
33
956
209
151
322
618
403
610
17
90
993
649
143
779
423
234
456
644
853
348
776
767
914
324
531
697
716
932
300
790
465
420
35
713
332
38
276
174
941
627
891
88
805
478
553
950
992
395
458
882
280
674
760
475
136
807
803
533
919
690
146
243
937
32
4
190
897
344
541
839
963
496
661
566
532
706
331
856
923
968
358
425
426
628
572
487
319
385
200
694
901
394
843
820
502
838
129
409
202
218
633
356
60
448
945
428
228
485
472
417
103
928
831
37
275
800
83
85
970
350
594
645
784
562
810
794
732
289
414
9
183
641
483
16
442
516
988
512
302
724
64
514
340
490
749
347
48
227
269
619
589
230
521
304
79
3
686
557
424
203
257
899
443
933
664
786
913
362
214
82
547
216
68
222
397
446
935
861
702
977
582
696
245
608
543
525
798
204
737
821
296
177
689
546
481
184
802
118
172
920
338
712
652
906
353
830
113
540
464
488
306
77
404
295
405
167
600
102
111
527
473
359
484
879
378
399
634
249
144
374
653
872
534
325
642
558
876
670
67
346
360
591
829
960
153
277
189
588
554
522
42
255
972
162
655
969
104
799
668
46
681
708
538
662
287
567
602
452
907
221
517
654
491
841
263
886
971
778
173
107
494
783
171
382
691
596
125
917
333
938
860
909
421
877
679
112
482
186
352
998
148
842
789
756
942
750
808
850
612
351
99
943
80
795
376
272
650
59
155
874
607
89
728
537
323
669
840
320
883
457
585
699
659
130
207
444
327
78
908
576
729
744
195
432
864
623
199
219
412
894
581
887
858
290
45
782
349
236
336
123
22
823
989
109
341
793
479
549
640
915
666
62
613
834
811
248
635
158
454
259
703
375
393
436
982
191
163
590
28
326
13
948
801
363
176
267
185
278
890
317
704
959
511
451
621
254
816
165
43
752
30
747
768
832
291
270
903
550
695
282
705
885
476
693
620
110
792
486
70
192
20
904
212